,AdmUnitId,BundeslandId,Datum,AnzFallNeu,AnzFallVortag,AnzFallErkrankung,AnzFallMeldung,KumFall,ObjectId
150,5515,5,1583020800000,0,1,0,0,1,67062
151,5515,5,1583107200000,0,0,2,0,1,67063
152,5515,5,1583193600000,0,0,0,0,1,67064
153,5515,5,1583280000000,0,2,1,0,3,67065
154,5515,5,1583366400000,0,1,1,0,4,67066
155,5515,5,1583452800000,0,0,3,0,4,67067
156,5515,5,1583539200000,0,0,2,0,4,67068
157,5515,5,1583625600000,0,1,3,0,5,67069
158,5515,5,1583712000000,0,0,4,0,5,67070
159,5515,5,1583798400000,0,1,17,0,6,67071
160,5515,5,1583884800000,0,1,11,0,7,67072
161,5515,5,1583971200000,0,7,28,0,14,67073
162,5515,5,1584057600000,0,6,21,1,20,67074
163,5515,5,1584144000000,0,0,18,0,20,67075
164,5515,5,1584230400000,0,18,27,8,38,67076
165,5515,5,1584316800000,0,27,39,11,65,67077
166,5515,5,1584403200000,0,29,16,9,94,67078
167,5515,5,1584489600000,0,26,35,4,120,67079
168,5515,5,1584576000000,0,48,28,18,168,67080
169,5515,5,1584662400000,0,37,31,7,205,67081
170,5515,5,1584748800000,0,23,19,2,228,67082
171,5515,5,1584835200000,0,20,17,1,248,67083
172,5515,5,1584921600000,0,22,16,4,270,67084
173,5515,5,1585008000000,0,36,9,6,306,67085
174,5515,5,1585094400000,0,27,12,2,333,67086
175,5515,5,1585180800000,0,30,12,9,363,67087
176,5515,5,1585267200000,0,36,11,2,399,67088
177,5515,5,1585353600000,0,22,9,7,421,67089
178,5515,5,1585440000000,0,8,11,1,429,67090
179,5515,5,1585526400000,0,15,12,3,444,67091
180,5515,5,1585612800000,0,22,5,4,466,67092
181,5515,5,1585699200000,0,15,12,2,481,67093
182,5515,5,1585785600000,0,17,4,3,498,67094
183,5515,5,1585872000000,0,7,8,1,505,67095
184,5515,5,1585958400000,0,14,6,5,519,67096
185,5515,5,1586044800000,0,11,4,1,530,67097
186,5515,5,1586131200000,0,16,3,5,546,67098
187,5515,5,1586217600000,0,9,5,2,555,67099
188,5515,5,1586304000000,0,6,0,0,561,67100
189,5515,5,1586390400000,0,10,4,0,571,67101
0,5515,5,1586476800000,0,0,1,0,571,66801
1,5515,5,1586563200000,0,5,0,1,576,66802
2,5515,5,1586649600000,0,0,1,0,576,66803
3,5515,5,1586736000000,0,5,2,0,581,66804
4,5515,5,1586822400000,0,6,0,3,587,66805
5,5515,5,1586908800000,0,3,2,0,590,66806
6,5515,5,1586995200000,0,2,2,2,592,66807
7,5515,5,1587081600000,0,3,0,1,595,66808
8,5515,5,1587168000000,0,3,4,1,598,66809
9,5515,5,1587254400000,0,0,3,0,598,66810
10,5515,5,1587340800000,0,2,1,1,600,66811
11,5515,5,1587427200000,0,3,2,0,603,66812
12,5515,5,1587513600000,0,5,2,0,608,66813
13,5515,5,1587600000000,0,5,0,2,613,66814
14,5515,5,1587686400000,0,2,0,0,615,66815
15,5515,5,1587772800000,0,2,0,0,617,66816
16,5515,5,1587859200000,0,0,1,0,617,66817
17,5515,5,1587945600000,0,1,1,1,618,66818
18,5515,5,1588032000000,0,1,1,1,619,66819
19,5515,5,1588118400000,0,3,0,0,622,66820
20,5515,5,1588204800000,0,0,0,0,622,66821
21,5515,5,1588291200000,0,0,2,0,622,66822
22,5515,5,1588377600000,0,0,3,0,622,66823
23,5515,5,1588464000000,0,0,0,0,622,66824
24,5515,5,1588550400000,0,2,1,1,624,66825
25,5515,5,1588636800000,0,3,0,3,627,66826
26,5515,5,1588723200000,0,1,0,0,628,66827
27,5515,5,1588809600000,0,2,2,1,630,66828
28,5515,5,1588896000000,0,5,2,1,635,66829
29,5515,5,1588982400000,0,2,1,2,637,66830
30,5515,5,1589068800000,0,2,1,0,639,66831
31,5515,5,1589155200000,0,1,2,0,640,66832
32,5515,5,1589241600000,0,3,1,2,643,66833
33,5515,5,1589328000000,0,1,1,0,644,66834
34,5515,5,1589414400000,0,19,0,16,663,66835
35,5515,5,1589500800000,0,2,6,1,665,66836
36,5515,5,1589587200000,0,5,4,4,670,66837
37,5515,5,1589673600000,0,0,3,0,670,66838
38,5515,5,1589760000000,0,10,2,4,680,66839
39,5515,5,1589846400000,0,6,1,0,686,66840
40,5515,5,1589932800000,0,3,0,1,689,66841
41,5515,5,1590019200000,0,3,1,2,692,66842
42,5515,5,1590105600000,0,5,1,5,697,66843
43,5515,5,1590192000000,0,0,0,0,697,66844
44,5515,5,1590278400000,0,2,0,1,699,66845
45,5515,5,1590364800000,0,1,1,0,700,66846
46,5515,5,1590451200000,0,1,2,1,701,66847
47,5515,5,1590537600000,0,0,0,0,701,66848
48,5515,5,1590624000000,0,1,0,0,702,66849
49,5515,5,1590710400000,0,0,4,0,702,66850
50,5515,5,1590796800000,0,1,5,0,703,66901
52,5515,5,1590883200000,0,0,1,0,703,66922
54,5515,5,1590969600000,0,5,3,0,708,66925
56,5515,5,1591056000000,0,6,2,0,714,66928
58,5515,5,1591142400000,0,2,1,0,716,66931
60,5515,5,1591228800000,0,6,0,2,722,66934
62,5515,5,1591315200000,0,0,0,0,722,66937
64,5515,5,1591401600000,0,0,0,0,722,66940
66,5515,5,1591488000000,0,0,0,0,722,66943
68,5515,5,1591574400000,0,0,1,0,722,66946
70,5515,5,1591660800000,0,0,0,0,722,66949
72,5515,5,1591747200000,0,0,1,0,722,66952
74,5515,5,1591833600000,0,1,1,0,723,66955
76,5515,5,1591920000000,0,0,0,0,723,66958
78,5515,5,1592006400000,0,1,0,0,724,66961
80,5515,5,1592092800000,0,0,0,0,724,66964
82,5515,5,1592179200000,0,1,0,0,725,66967
84,5515,5,1592265600000,0,2,0,2,727,66970
86,5515,5,1592352000000,0,1,0,0,728,66973
88,5515,5,1592438400000,0,0,0,0,728,66976
90,5515,5,1592524800000,0,0,0,0,728,66979
92,5515,5,1592611200000,0,0,0,0,728,66982
94,5515,5,1592697600000,0,0,0,0,728,66985
96,5515,5,1592784000000,0,0,0,0,728,66988
98,5515,5,1592870400000,0,0,0,0,728,66991
99,5515,5,1592956800000,0,1,0,1,729,66992
100,5515,5,1593043200000,0,0,0,0,729,66993
101,5515,5,1593129600000,0,0,0,0,729,66994
102,5515,5,1593216000000,0,0,0,0,729,66995
103,5515,5,1593302400000,0,0,0,0,729,66996
104,5515,5,1593388800000,0,0,0,0,729,66997
105,5515,5,1593475200000,0,0,0,0,729,66998
106,5515,5,1593561600000,0,0,1,0,729,66999
107,5515,5,1593648000000,0,0,0,0,729,67000
108,5515,5,1593734400000,0,0,0,0,729,67001
109,5515,5,1593820800000,0,1,0,1,730,67002
110,5515,5,1593907200000,0,0,0,0,730,67003
111,5515,5,1593993600000,0,0,0,0,730,67004
112,5515,5,1594080000000,0,0,0,0,730,67005
113,5515,5,1594166400000,0,0,1,0,730,67006
114,5515,5,1594252800000,0,0,0,0,730,67007
115,5515,5,1594339200000,0,2,0,0,732,67008
116,5515,5,1594425600000,0,1,1,1,733,67009
117,5515,5,1594512000000,0,0,0,0,733,67010
118,5515,5,1594598400000,0,0,1,0,733,67011
119,5515,5,1594684800000,0,1,0,1,734,67012
120,5515,5,1594771200000,0,2,0,0,736,67013
121,5515,5,1594857600000,0,1,0,1,737,67014
122,5515,5,1594944000000,0,0,0,0,737,67015
123,5515,5,1595030400000,0,0,1,0,737,67016
190,5515,5,1595116800000,0,0,1,0,737,67102
191,5515,5,1595203200000,0,1,0,1,738,67103
192,5515,5,1595289600000,0,1,1,0,739,67104
193,5515,5,1595376000000,0,1,1,0,740,67105
194,5515,5,1595462400000,0,8,3,6,748,67106
195,5515,5,1595548800000,0,1,1,0,749,67107
196,5515,5,1595635200000,0,1,0,1,750,67108
197,5515,5,1595721600000,0,1,0,0,751,67109
198,5515,5,1595808000000,0,1,4,1,752,67110
199,5515,5,1595894400000,0,1,3,0,753,67111
200,5515,5,1595980800000,0,3,5,2,756,67112
201,5515,5,1596067200000,0,4,2,0,760,67113
202,5515,5,1596153600000,0,7,3,5,767,67114
203,5515,5,1596240000000,0,4,5,0,771,67115
204,5515,5,1596326400000,0,4,2,2,775,67116
205,5515,5,1596412800000,0,2,8,0,777,67117
206,5515,5,1596499200000,0,20,7,10,797,67118
207,5515,5,1596585600000,0,19,8,10,816,67119
208,5515,5,1596672000000,0,11,7,6,827,67120
209,5515,5,1596758400000,0,5,2,2,832,67121
210,5515,5,1596844800000,0,0,1,0,832,67122
211,5515,5,1596931200000,0,0,3,0,832,67123
212,5515,5,1597017600000,0,11,2,1,843,67124
213,5515,5,1597104000000,0,15,6,8,858,67125
214,5515,5,1597190400000,0,5,3,1,863,67126
215,5515,5,1597276800000,0,7,4,2,870,67127
216,5515,5,1597363200000,0,2,5,2,872,67128
217,5515,5,1597449600000,0,5,1,1,877,67129
218,5515,5,1597536000000,0,2,6,0,879,67130
219,5515,5,1597622400000,0,7,3,1,886,67131
220,5515,5,1597708800000,0,7,5,1,893,67132
221,5515,5,1597795200000,0,7,1,3,900,67133
222,5515,5,1597881600000,0,2,1,0,902,67134
223,5515,5,1597968000000,0,3,0,1,905,67135
224,5515,5,1598054400000,0,0,3,0,905,67136
225,5515,5,1598140800000,0,0,4,0,905,67137
226,5515,5,1598227200000,0,3,3,1,908,67138
227,5515,5,1598313600000,0,4,1,1,912,67139
228,5515,5,1598400000000,0,4,3,0,916,67140
229,5515,5,1598486400000,0,4,2,2,920,67141
230,5515,5,1598572800000,0,5,4,1,925,67142
231,5515,5,1598659200000,0,2,3,0,927,67143
232,5515,5,1598745600000,0,2,5,0,929,67144
233,5515,5,1598832000000,0,2,1,0,931,67145
234,5515,5,1598918400000,0,1,0,1,932,67146
235,5515,5,1599004800000,0,10,2,0,942,67147
236,5515,5,1599091200000,0,3,1,0,945,67148
237,5515,5,1599177600000,0,0,2,0,945,67149
238,5515,5,1599264000000,0,2,2,1,947,67150
239,5515,5,1599350400000,0,0,7,0,947,67151
51,5515,5,1599436800000,0,1,2,0,948,66902
53,5515,5,1599523200000,0,2,1,0,950,66924
55,5515,5,1599609600000,0,5,3,0,955,66927
57,5515,5,1599696000000,0,1,2,0,956,66930
59,5515,5,1599782400000,0,4,4,2,960,66933
61,5515,5,1599868800000,0,5,3,0,965,66936
63,5515,5,1599955200000,0,3,2,1,968,66939
65,5515,5,1600041600000,0,7,3,5,975,66942
67,5515,5,1600128000000,0,3,4,1,978,66945
69,5515,5,1600214400000,0,2,3,0,980,66948
71,5515,5,1600300800000,0,10,3,2,990,66951
73,5515,5,1600387200000,0,2,1,1,992,66954
75,5515,5,1600473600000,0,3,1,2,995,66957
77,5515,5,1600560000000,0,0,5,0,995,66960
79,5515,5,1600646400000,0,7,8,4,1002,66963
81,5515,5,1600732800000,0,6,9,2,1008,66966
83,5515,5,1600819200000,0,3,5,1,1011,66969
85,5515,5,1600905600000,0,14,9,2,1025,66972
87,5515,5,1600992000000,0,1,9,0,1026,66975
89,5515,5,1601078400000,0,18,7,4,1044,66978
91,5515,5,1601164800000,0,5,7,2,1049,66981
93,5515,5,1601251200000,0,10,6,4,1059,66984
95,5515,5,1601337600000,0,5,8,0,1064,66987
97,5515,5,1601424000000,0,20,11,7,1084,66990
124,5515,5,1601510400000,0,12,13,4,1096,67018
125,5515,5,1601596800000,0,5,11,0,1101,67019
126,5515,5,1601683200000,0,9,10,3,1110,67020
127,5515,5,1601769600000,0,21,9,10,1131,67021
128,5515,5,1601856000000,0,10,9,3,1141,67022
129,5515,5,1601942400000,0,6,16,0,1147,67023
130,5515,5,1602028800000,0,20,14,4,1167,67024
131,5515,5,1602115200000,0,10,11,1,1177,67025
132,5515,5,1602201600000,0,5,11,1,1182,67026
133,5515,5,1602288000000,0,29,18,5,1211,67027
134,5515,5,1602374400000,0,13,9,1,1224,67028
135,5515,5,1602460800000,0,12,16,1,1236,67029
136,5515,5,1602547200000,0,22,21,6,1258,67030
137,5515,5,1602633600000,0,9,17,0,1267,67031
138,5515,5,1602720000000,0,16,13,2,1283,67032
139,5515,5,1602806400000,0,7,13,2,1290,67033
140,5515,5,1602892800000,0,19,18,1,1309,67034
141,5515,5,1602979200000,0,13,21,3,1322,67035
142,5515,5,1603065600000,0,9,38,2,1331,67036
143,5515,5,1603152000000,0,24,42,10,1355,67037
144,5515,5,1603238400000,0,18,49,5,1373,67038
145,5515,5,1603324800000,0,44,26,3,1417,67039
146,5515,5,1603411200000,0,49,37,8,1466,67040
147,5515,5,1603497600000,0,48,33,6,1514,67041
148,5515,5,1603584000000,0,27,39,9,1541,67042
149,5515,5,1603670400000,0,44,49,7,1585,67043
240,5515,5,1603756800000,0,52,51,8,1637,67201
241,5515,5,1603843200000,0,54,49,19,1691,67202
242,5515,5,1603929600000,0,57,37,8,1748,67203
243,5515,5,1604016000000,0,34,32,11,1782,67204
245,5515,5,1604102400000,0,62,31,7,1844,67206
246,5515,5,1604188800000,0,77,26,21,1921,67207
247,5515,5,1604275200000,0,25,34,9,1946,67208
249,5515,5,1604361600000,0,65,26,17,2011,67210
252,5515,5,1604448000000,0,32,31,5,2043,67213
255,5515,5,1604534400000,0,63,23,18,2106,67216
261,5515,5,1604620800000,0,48,42,19,2154,67222
267,5515,5,1604707200000,0,59,25,15,2213,67228
273,5515,5,1604793600000,0,34,19,8,2247,67234
279,5515,5,1604880000000,0,32,23,10,2279,67240
285,5515,5,1604966400000,0,29,38,11,2308,67246
332,5515,5,1605052800000,0,35,17,9,2343,67293
337,5515,5,1605139200000,0,44,27,11,2387,67298
342,5515,5,1605225600000,0,29,21,8,2416,67303
347,5515,5,1605312000000,0,50,17,10,2466,67308
352,5515,5,1605398400000,0,30,30,9,2496,67313
357,5515,5,1605484800000,0,42,31,11,2538,67318
362,5515,5,1605571200000,0,21,26,6,2559,67323
369,5515,5,1605657600000,0,36,32,7,2595,67330
376,5515,5,1605744000000,0,45,19,10,2640,67337
383,5515,5,1605830400000,0,45,18,6,2685,67344
390,5515,5,1605916800000,0,31,20,10,2716,67351
397,5515,5,1606003200000,0,18,24,1,2734,67358
404,5515,5,1606089600000,0,26,25,4,2760,67365
411,5515,5,1606176000000,0,22,14,4,2782,67372
425,5515,5,1606262400000,0,22,14,8,2804,67406
436,5515,5,1606348800000,0,33,22,3,2837,67417
442,5515,5,1606435200000,0,15,21,6,2852,67423
448,5515,5,1606521600000,0,29,17,9,2881,67429
454,5515,5,1606608000000,0,43,19,9,2924,67435
460,5515,5,1606694400000,0,19,22,2,2943,67441
466,5515,5,1606780800000,0,12,27,3,2955,67447
472,5515,5,1606867200000,0,20,30,9,2975,67453
478,5515,5,1606953600000,0,39,20,8,3014,67459
484,5515,5,1607040000000,0,32,36,10,3046,67465
490,5515,5,1607126400000,0,31,35,4,3077,67471
496,5515,5,1607212800000,0,30,35,4,3107,67477
502,5515,5,1607299200000,0,25,52,3,3132,67483
508,5515,5,1607385600000,0,38,39,9,3170,67489
514,5515,5,1607472000000,0,31,35,5,3201,67495
534,5515,5,1607558400000,0,70,40,4,3271,67515
539,5515,5,1607644800000,0,59,45,6,3330,67520
544,5515,5,1607731200000,0,46,36,9,3376,67525
549,5515,5,1607817600000,0,48,36,6,3424,67530
554,5515,5,1607904000000,0,36,57,10,3460,67535
559,5515,5,1607990400000,0,33,38,11,3493,67540
244,5515,5,1608076800000,0,65,40,11,3558,67205
248,5515,5,1608163200000,0,67,32,16,3625,67209
251,5515,5,1608249600000,0,60,42,21,3685,67212
254,5515,5,1608336000000,0,63,29,19,3748,67215
259,5515,5,1608422400000,0,69,43,28,3817,67220
265,5515,5,1608508800000,0,19,44,2,3836,67226
271,5515,5,1608595200000,0,57,35,17,3893,67232
277,5515,5,1608681600000,0,102,39,22,3995,67238
283,5515,5,1608768000000,0,46,38,13,4041,67244
331,5515,5,1608854400000,0,0,28,0,4041,67292
335,5515,5,1608940800000,0,75,32,10,4116,67296
340,5515,5,1609027200000,0,29,37,7,4145,67301
345,5515,5,1609113600000,0,37,46,10,4182,67306
350,5515,5,1609200000000,0,53,42,10,4235,67311
355,5515,5,1609286400000,0,92,24,30,4327,67316
360,5515,5,1609372800000,0,46,15,7,4373,67321
367,5515,5,1609459200000,0,48,24,11,4421,67328
374,5515,5,1609545600000,0,17,23,1,4438,67335
381,5515,5,1609632000000,0,26,25,2,4464,67342
388,5515,5,1609718400000,0,13,38,4,4477,67349
395,5515,5,1609804800000,0,46,33,18,4523,67356
402,5515,5,1609891200000,0,55,32,16,4578,67363
409,5515,5,1609977600000,0,50,32,8,4628,67370
430,5515,5,1610064000000,0,31,23,5,4659,67411
435,5515,5,1610150400000,0,44,21,15,4703,67416
441,5515,5,1610236800000,0,32,12,3,4735,67422
447,5515,5,1610323200000,0,24,17,4,4759,67428
453,5515,5,1610409600000,0,35,22,10,4794,67434
459,5515,5,1610496000000,0,39,10,11,4833,67440
465,5515,5,1610582400000,0,35,15,7,4868,67446
471,5515,5,1610668800000,0,10,19,2,4878,67452
477,5515,5,1610755200000,0,33,17,6,4911,67458
483,5515,5,1610841600000,0,7,12,0,4918,67464
489,5515,5,1610928000000,0,15,19,1,4933,67470
495,5515,5,1611014400000,0,17,10,6,4950,67476
501,5515,5,1611100800000,0,32,9,10,4982,67482
507,5515,5,1611187200000,0,24,9,2,5006,67488
513,5515,5,1611273600000,0,23,14,9,5029,67494
532,5515,5,1611360000000,0,13,7,7,5042,67513
536,5515,5,1611446400000,0,10,11,6,5052,67517
541,5515,5,1611532800000,0,9,23,2,5061,67522
546,5515,5,1611619200000,0,17,12,5,5078,67527
551,5515,5,1611705600000,0,15,12,2,5093,67532
556,5515,5,1611792000000,0,20,6,3,5113,67537
561,5515,5,1611878400000,0,14,12,5,5127,67542
565,5515,5,1611964800000,0,23,9,7,5150,67546
569,5515,5,1612051200000,0,13,7,3,5163,67550
573,5515,5,1612137600000,0,10,12,2,5173,67554
577,5515,5,1612224000000,0,13,12,1,5186,67558
581,5515,5,1612310400000,0,14,10,1,5200,67562
366,5515,5,1612396800000,0,12,10,2,5212,67327
373,5515,5,1612483200000,0,16,3,4,5228,67334
380,5515,5,1612569600000,0,19,9,4,5247,67341
387,5515,5,1612656000000,0,5,7,2,5252,67348
394,5515,5,1612742400000,0,3,6,0,5255,67355
401,5515,5,1612828800000,0,1,12,0,5256,67362
408,5515,5,1612915200000,0,9,10,1,5265,67369
426,5515,5,1613001600000,0,14,6,1,5279,67407
433,5515,5,1613088000000,0,6,3,0,5285,67414
439,5515,5,1613174400000,0,17,9,1,5302,67420
445,5515,5,1613260800000,0,3,8,0,5305,67426
451,5515,5,1613347200000,0,5,8,1,5310,67432
457,5515,5,1613433600000,0,6,21,0,5316,67438
463,5515,5,1613520000000,0,8,10,2,5324,67444
469,5515,5,1613606400000,0,28,10,3,5352,67450
475,5515,5,1613692800000,0,8,9,2,5360,67456
481,5515,5,1613779200000,0,26,8,4,5386,67462
487,5515,5,1613865600000,0,1,9,1,5387,67468
493,5515,5,1613952000000,0,7,13,1,5394,67474
499,5515,5,1614038400000,0,18,15,1,5412,67480
505,5515,5,1614124800000,0,15,11,2,5427,67486
511,5515,5,1614211200000,0,18,14,5,5445,67492
517,5515,5,1614297600000,0,10,17,2,5455,67498
535,5515,5,1614384000000,0,28,13,9,5483,67516
540,5515,5,1614470400000,0,9,12,2,5492,67521
545,5515,5,1614556800000,0,12,12,2,5504,67526
550,5515,5,1614643200000,0,11,16,4,5515,67531
555,5515,5,1614729600000,0,24,15,8,5539,67536
560,5515,5,1614816000000,0,32,16,10,5571,67541
564,5515,5,1614902400000,0,21,17,3,5592,67545
568,5515,5,1614988800000,0,40,18,13,5632,67549
572,5515,5,1615075200000,0,2,15,1,5634,67553
576,5515,5,1615161600000,0,7,21,1,5641,67557
580,5515,5,1615248000000,0,25,15,8,5666,67561
584,5515,5,1615334400000,0,33,24,14,5699,67565
587,5515,5,1615420800000,0,24,24,2,5723,67568
590,5515,5,1615507200000,0,24,20,6,5747,67571
593,5515,5,1615593600000,0,30,33,11,5777,67574
596,5515,5,1615680000000,0,7,18,2,5784,67577
599,5515,5,1615766400000,0,25,29,8,5809,67580
601,5515,5,1615852800000,0,71,33,12,5880,67582
603,5515,5,1615939200000,0,50,26,12,5930,67584
605,5515,5,1616025600000,0,43,28,11,5973,67586
607,5515,5,1616112000000,0,40,32,12,6013,67588
609,5515,5,1616198400000,0,32,27,10,6045,67590
611,5515,5,1616284800000,0,9,17,3,6054,67592
613,5515,5,1616371200000,0,14,32,3,6068,67594
615,5515,5,1616457600000,0,37,31,5,6105,67596
617,5515,5,1616544000000,0,45,26,8,6150,67598
619,5515,5,1616630400000,0,48,19,13,6198,67600
250,5515,5,1616716800000,0,26,17,5,6224,67211
253,5515,5,1616803200000,0,23,14,8,6247,67214
257,5515,5,1616889600000,0,34,25,5,6281,67218
263,5515,5,1616976000000,0,31,36,9,6312,67224
269,5515,5,1617062400000,0,42,19,7,6354,67230
275,5515,5,1617148800000,0,38,24,17,6392,67236
281,5515,5,1617235200000,0,40,32,8,6432,67242
333,5515,5,1617321600000,0,45,25,10,6477,67294
338,5515,5,1617408000000,0,20,25,10,6497,67299
343,5515,5,1617494400000,0,0,25,0,6497,67304
348,5515,5,1617580800000,0,36,23,9,6533,67309
353,5515,5,1617667200000,0,13,29,3,6546,67314
358,5515,5,1617753600000,0,45,40,14,6591,67319
363,5515,5,1617840000000,0,60,16,18,6651,67324
370,5515,5,1617926400000,0,60,44,20,6711,67331
377,5515,5,1618012800000,0,68,33,28,6779,67338
384,5515,5,1618099200000,0,19,17,6,6798,67345
391,5515,5,1618185600000,0,36,43,11,6834,67352
398,5515,5,1618272000000,0,65,31,19,6899,67359
405,5515,5,1618358400000,0,61,38,19,6960,67366
412,5515,5,1618444800000,0,44,28,16,7004,67373
428,5515,5,1618531200000,0,74,29,22,7078,67409
434,5515,5,1618617600000,0,35,31,7,7113,67415
440,5515,5,1618704000000,0,25,39,7,7138,67421
446,5515,5,1618790400000,0,39,47,14,7177,67427
452,5515,5,1618876800000,0,53,37,12,7230,67433
458,5515,5,1618963200000,0,66,43,17,7296,67439
464,5515,5,1619049600000,0,74,39,23,7370,67445
470,5515,5,1619136000000,0,46,33,11,7416,67451
476,5515,5,1619222400000,0,48,27,17,7464,67457
482,5515,5,1619308800000,0,30,24,6,7494,67463
488,5515,5,1619395200000,0,15,39,0,7509,67469
494,5515,5,1619481600000,0,46,31,17,7555,67475
500,5515,5,1619568000000,0,54,29,20,7609,67481
506,5515,5,1619654400000,0,64,11,18,7673,67487
512,5515,5,1619740800000,0,45,17,7,7718,67493
518,5515,5,1619827200000,0,29,15,10,7747,67499
519,5515,5,1619913600000,0,10,15,1,7757,67500
520,5515,5,1620000000000,0,12,16,2,7769,67501
521,5515,5,1620086400000,0,28,11,6,7797,67502
522,5515,5,1620172800000,0,44,14,13,7841,67503
523,5515,5,1620259200000,0,33,13,10,7874,67504
524,5515,5,1620345600000,0,28,6,7,7902,67505
525,5515,5,1620432000000,0,26,12,11,7928,67506
526,5515,5,1620518400000,0,9,6,3,7937,67507
527,5515,5,1620604800000,0,9,12,0,7946,67508
528,5515,5,1620691200000,0,21,6,6,7967,67509
529,5515,5,1620777600000,0,17,3,9,7984,67510
530,5515,5,1620864000000,0,5,10,1,7989,67511
531,5515,5,1620950400000,0,2,8,0,7991,67512
365,5515,5,1621036800000,0,9,9,1,8000,67326
372,5515,5,1621123200000,0,8,4,4,8008,67333
379,5515,5,1621209600000,0,6,3,2,8014,67340
386,5515,5,1621296000000,0,15,6,2,8029,67347
393,5515,5,1621382400000,0,10,6,3,8039,67354
400,5515,5,1621468800000,0,9,5,2,8048,67361
407,5515,5,1621555200000,0,8,4,2,8056,67368
427,5515,5,1621641600000,0,11,3,3,8067,67408
431,5515,5,1621728000000,0,2,3,0,8069,67412
437,5515,5,1621814400000,0,4,7,2,8073,67418
443,5515,5,1621900800000,0,6,1,3,8079,67424
449,5515,5,1621987200000,0,3,3,0,8082,67430
455,5515,5,1622073600000,0,23,3,18,8105,67436
461,5515,5,1622160000000,0,7,4,0,8112,67442
467,5515,5,1622246400000,0,5,3,2,8117,67448
473,5515,5,1622332800000,0,3,3,0,8120,67454
479,5515,5,1622419200000,0,6,1,2,8126,67460
485,5515,5,1622505600000,0,2,3,2,8128,67466
491,5515,5,1622592000000,0,5,2,2,8133,67472
497,5515,5,1622678400000,0,6,1,2,8139,67478
503,5515,5,1622764800000,0,0,2,0,8139,67484
509,5515,5,1622851200000,0,2,0,2,8141,67490
515,5515,5,1622937600000,0,0,2,0,8141,67496
533,5515,5,1623024000000,0,3,1,1,8144,67514
538,5515,5,1623110400000,0,4,1,2,8148,67519
543,5515,5,1623196800000,0,4,1,0,8152,67524
548,5515,5,1623283200000,0,7,0,4,8159,67529
553,5515,5,1623369600000,0,1,1,1,8160,67534
558,5515,5,1623456000000,0,3,0,1,8163,67539
563,5515,5,1623542400000,0,0,1,0,8163,67544
567,5515,5,1623628800000,0,1,0,0,8164,67548
571,5515,5,1623715200000,0,2,2,2,8166,67552
575,5515,5,1623801600000,0,2,1,0,8168,67556
579,5515,5,1623888000000,0,0,1,0,8168,67560
583,5515,5,1623974400000,0,2,0,0,8170,67564
586,5515,5,1624060800000,0,2,0,2,8172,67567
589,5515,5,1624147200000,0,0,1,0,8172,67570
592,5515,5,1624233600000,0,0,2,0,8172,67573
595,5515,5,1624320000000,0,2,2,1,8174,67576
598,5515,5,1624406400000,0,1,2,0,8175,67579
600,5515,5,1624492800000,0,2,2,0,8177,67581
602,5515,5,1624579200000,0,1,2,0,8178,67583
604,5515,5,1624665600000,0,2,0,0,8180,67585
606,5515,5,1624752000000,0,0,0,0,8180,67587
608,5515,5,1624838400000,0,1,1,0,8181,67589
610,5515,5,1624924800000,0,2,1,1,8183,67591
612,5515,5,1625011200000,0,3,0,1,8186,67593
614,5515,5,1625097600000,0,4,4,3,8190,67595
616,5515,5,1625184000000,0,0,4,0,8190,67597
618,5515,5,1625270400000,0,3,4,0,8193,67599
260,5515,5,1625356800000,0,4,3,1,8197,67221
266,5515,5,1625443200000,0,1,7,0,8198,67227
272,5515,5,1625529600000,0,4,3,0,8202,67233
278,5515,5,1625616000000,0,6,8,1,8208,67239
284,5515,5,1625702400000,0,7,12,2,8215,67245
336,5515,5,1625788800000,0,7,5,0,8222,67297
341,5515,5,1625875200000,0,11,5,1,8233,67302
346,5515,5,1625961600000,0,4,6,1,8237,67307
351,5515,5,1626048000000,0,1,5,0,8238,67312
356,5515,5,1626134400000,0,5,6,0,8243,67317
361,5515,5,1626220800000,0,15,8,2,8258,67322
368,5515,5,1626307200000,0,7,10,1,8265,67329
375,5515,5,1626393600000,0,12,5,1,8277,67336
382,5515,5,1626480000000,0,6,4,0,8283,67343
389,5515,5,1626566400000,0,1,6,0,8284,67350
396,5515,5,1626652800000,0,7,9,2,8291,67357
403,5515,5,1626739200000,0,9,11,0,8300,67364
410,5515,5,1626825600000,0,9,8,1,8309,67371
429,5515,5,1626912000000,0,5,8,1,8314,67410
432,5515,5,1626998400000,0,9,2,0,8323,67413
438,5515,5,1627084800000,0,11,4,2,8334,67419
444,5515,5,1627171200000,0,1,7,0,8335,67425
450,5515,5,1627257600000,0,8,12,0,8343,67431
456,5515,5,1627344000000,0,7,11,0,8350,67437
462,5515,5,1627430400000,0,22,11,3,8372,67443
468,5515,5,1627516800000,0,12,7,3,8384,67449
474,5515,5,1627603200000,0,8,6,1,8392,67455
480,5515,5,1627689600000,0,3,12,1,8395,67461
486,5515,5,1627776000000,0,5,6,0,8400,67467
492,5515,5,1627862400000,0,6,14,1,8406,67473
498,5515,5,1627948800000,0,19,15,4,8425,67479
504,5515,5,1628035200000,0,18,8,2,8443,67485
510,5515,5,1628121600000,0,9,17,3,8452,67491
516,5515,5,1628208000000,0,11,14,4,8463,67497
537,5515,5,1628294400000,0,19,13,3,8482,67518
542,5515,5,1628380800000,0,3,8,1,8485,67523
547,5515,5,1628467200000,0,17,18,3,8502,67528
552,5515,5,1628553600000,0,15,21,3,8517,67533
557,5515,5,1628640000000,0,32,16,3,8549,67538
562,5515,5,1628726400000,0,16,23,3,8565,67543
566,5515,5,1628812800000,0,17,15,3,8582,67547
570,5515,5,1628899200000,0,17,16,0,8599,67551
574,5515,5,1628985600000,0,18,18,3,8617,67555
578,5515,5,1629072000000,0,9,29,0,8626,67559
582,5515,5,1629158400000,0,22,21,6,8648,67563
585,5515,5,1629244800000,0,24,24,4,8672,67566
588,5515,5,1629331200000,0,51,33,16,8723,67569
591,5515,5,1629417600000,0,30,20,12,8753,67572
594,5515,5,1629504000000,0,62,40,16,8815,67575
597,5515,5,1629590400000,0,12,20,0,8827,67578
256,5515,5,1629676800000,0,18,29,2,8845,67217
262,5515,5,1629763200000,0,44,24,6,8889,67223
268,5515,5,1629849600000,0,55,39,12,8944,67229
274,5515,5,1629936000000,0,45,14,10,8989,67235
280,5515,5,1630022400000,0,30,18,3,9019,67241
286,5515,5,1630108800000,0,35,26,13,9054,67247
287,5515,5,1630195200000,0,7,17,1,9061,67248
288,5515,5,1630281600000,0,13,18,3,9074,67249
289,5515,5,1630368000000,0,47,14,12,9121,67250
290,5515,5,1630454400000,0,17,27,4,9138,67251
291,5515,5,1630540800000,0,47,23,15,9185,67252
292,5515,5,1630627200000,0,33,19,10,9218,67253
293,5515,5,1630713600000,0,14,21,1,9232,67254
294,5515,5,1630800000000,0,25,20,7,9257,67255
295,5515,5,1630886400000,0,14,36,1,9271,67256
296,5515,5,1630972800000,0,20,28,0,9291,67257
297,5515,5,1631059200000,0,78,23,25,9369,67258
298,5515,5,1631145600000,0,36,26,4,9405,67259
299,5515,5,1631232000000,0,39,25,10,9444,67260
300,5515,5,1631318400000,0,10,15,2,9454,67261
301,5515,5,1631404800000,0,21,10,5,9475,67262
302,5515,5,1631491200000,0,23,22,4,9498,67263
303,5515,5,1631577600000,0,32,16,8,9530,67264
304,5515,5,1631664000000,0,30,21,7,9560,67265
305,5515,5,1631750400000,0,31,18,6,9591,67266
306,5515,5,1631836800000,0,11,12,3,9602,67267
307,5515,5,1631923200000,0,25,12,7,9627,67268
308,5515,5,1632009600000,0,23,12,5,9650,67269
309,5515,5,1632096000000,0,11,22,3,9661,67270
310,5515,5,1632182400000,0,24,16,6,9685,67271
311,5515,5,1632268800000,0,46,13,14,9731,67272
312,5515,5,1632355200000,0,37,7,19,9768,67273
313,5515,5,1632441600000,0,24,11,9,9792,67274
314,5515,5,1632528000000,0,8,8,2,9800,67275
315,5515,5,1632614400000,0,7,8,1,9807,67276
316,5515,5,1632700800000,0,2,12,0,9809,67277
317,5515,5,1632787200000,0,24,8,5,9833,67278
318,5515,5,1632873600000,0,15,12,1,9848,67279
319,5515,5,1632960000000,0,11,10,3,9859,67280
320,5515,5,1633046400000,0,11,20,4,9870,67281
321,5515,5,1633132800000,0,15,10,2,9885,67282
322,5515,5,1633219200000,0,1,5,0,9886,67283
323,5515,5,1633305600000,0,17,13,1,9903,67284
324,5515,5,1633392000000,0,9,15,2,9912,67285
325,5515,5,1633478400000,0,21,14,2,9933,67286
326,5515,5,1633564800000,0,18,5,5,9951,67287
327,5515,5,1633651200000,0,15,17,3,9966,67288
328,5515,5,1633737600000,0,21,6,6,9987,67289
329,5515,5,1633824000000,0,7,13,1,9994,67290
330,5515,5,1633910400000,0,7,22,1,10001,67291
258,5515,5,1633996800000,0,15,13,3,10016,67219
264,5515,5,1634083200000,0,18,25,2,10034,67225
270,5515,5,1634169600000,0,16,17,2,10050,67231
276,5515,5,1634256000000,0,14,23,1,10064,67237
282,5515,5,1634342400000,0,33,15,6,10097,67243
334,5515,5,1634428800000,0,6,13,0,10103,67295
339,5515,5,1634515200000,0,8,36,1,10111,67300
344,5515,5,1634601600000,0,26,25,7,10137,67305
349,5515,5,1634688000000,0,32,27,7,10169,67310
354,5515,5,1634774400000,0,42,29,6,10211,67315
359,5515,5,1634860800000,0,38,31,5,10249,67320
364,5515,5,1634947200000,0,26,33,1,10275,67325
371,5515,5,1635033600000,0,18,34,2,10293,67332
378,5515,5,1635120000000,0,13,39,0,10306,67339
385,5515,5,1635206400000,0,61,29,7,10367,67346
392,5515,5,1635292800000,0,55,44,14,10422,67353
399,5515,5,1635379200000,0,59,29,6,10481,67360
406,5515,5,1635465600000,0,55,30,6,10536,67367
413,5515,5,1635552000000,0,31,45,1,10567,67374
414,5515,5,1635638400000,0,10,28,4,10577,67375
415,5515,5,1635724800000,0,20,37,3,10597,67376
416,5515,5,1635811200000,0,26,40,6,10623,67377
417,5515,5,1635897600000,0,65,33,20,10688,67378
418,5515,5,1635984000000,0,87,26,12,10775,67379
419,5515,5,1636070400000,0,44,26,12,10819,67380
420,5515,5,1636156800000,0,62,23,15,10881,67381
421,5515,5,1636243200000,0,15,10,2,10896,67382
422,5515,5,1636329600000,1,23,9,9,10920,67383
423,5515,5,1636416000000,29,34,3,12,10983,67384
424,5515,5,1636502400000,37,0,0,20,11020,67385
